Weighted Adjacency matrix
0, 8, 6, 6, 8, 6, 9, 6, 4, 5, 3, 2, 2, 2, 8, 6
8, 0, 6, 6, 8, 6, 9, 6, 4, 5, 3, 2, 2, 2, 8, 6
6, 6, 0, 8, 6, 8, 6, 9, 4, 4, 3, 6, 6, 4, 4, 6
6, 6, 8, 0, 6, 8, 6, 9, 4, 4, 3, 4, 4, 4, 4, 6
8, 8, 6, 6, 0, 6, 9, 10, 2, 2, 2, 2, 2, 2, 4, 2
6, 6, 8, 8, 6, 0, 10, 9, 6, 2, 2, 2, 2, 2, 4, 2
9, 9, 6, 6, 9, 10, 0, 6, 2, 2, 2, 2, 2, 2, 4, 2
6, 6, 9, 9, 10, 9, 6, 0, 6, 6, 4, 4, 4, 4, 4, 6
4, 4, 4, 4, 2, 6, 2, 6, 0, 8, 6, 6, 6, 6, 6, 9
5, 5, 4, 4, 2, 2, 2, 6, 8, 0, 10, 4, 4, 4, 6, 4
3, 3, 3, 3, 2, 2, 2, 4, 6, 10, 0, 2, 2, 2, 4, 4
2, 2, 6, 4, 2, 2, 2, 4, 6, 4, 2, 0, 8, 10, 2, 9
2, 2, 6, 4, 2, 2, 2, 4, 6, 4, 2, 8, 0, 10, 2, 9
2, 2, 4, 4, 2, 2, 2, 4, 6, 4, 2, 10, 10, 0, 2, 4
8, 8, 4, 4, 4, 4, 4, 4, 6, 6, 4, 2, 2, 2, 0, 6
6, 6, 6, 6, 2, 2, 2, 6, 9, 4, 4, 9, 9, 4, 6, 0
Areas of given spaces in decimeter-square
4800, 4800, 4800, 4800, 2400, 2400, 600, 600, 14400, 7200, 4800, 4800, 4800, 7200, 7200, 1200
Area of plot in decimeter-square
210000
From a group(provide group no.), to another group(group no.), change of rectangle(rectangle no.) (Optional)
0, 3, -1
1, 4, -1
Group number
0, 1, 2, 3, 4
Ratio between length and height of each space
1.618
Spirals
7, 5, 3, 1, 0